-25.715448
-19.274025
-13.098489
-26.338161
-20.053831
-40.926487
-19.501917
-32.735550
-67.335815
-39.672043
-31.978069
-82.382362
-18.542591
-18.160728
-6.272025
-21.620207
-61.107742
-15.277302
-29.143749
-31.732883
-36.943344
-18.849499
-24.913063
-12.972196
-48.144230
-38.246651
-12.466860
-33.411674
-127.548325
-15.518590
-68.949234
-41.138889
-43.157646
-14.218960
-47.959854
-71.280777
-71.654884
-8.407686
-17.736694
-41.114487
-7.731224
-34.202892
-23.077698
-10.462333
-47.518059
-90.959358
-27.440269
-27.931969
-113.679230
-15.501434
-13.705669
-11.225535
-26.415125
-19.235003
-23.470381
-14.744446
-26.118923
-36.756248
-62.760517
-24.575619
-20.362043
-46.542324
-15.538737
-27.117491
