0.130623
0.036698
0.146423
0.037134
0.111359
0.244684
0.226386
0.303311
0.422815
0.126227
0.136303
0.092103
0.293702
0.098898
0.056453
0.008607
0.078210
0.126888
0.113425
0.066642
0.385533
0.054814
0.103026
0.164805
0.032918
0.008191
0.075966
0.186960
0.028561
0.414344
0.069016
0.185282
0.180304
0.176286
-0.006611
0.202876
0.192861
0.160151
0.076776
0.050981
0.083846
0.040860
0.048864
0.073301
0.083055
0.102621
0.005819
0.206438
0.160940
0.127578
0.071193
0.107974
0.046327
0.094751
0.173161
0.023001
0.078085
0.022534
0.107207
0.089580
0.054954
0.121397
0.141498
0.127621
