0.012681
-0.017652
0.050275
0.011328
0.136917
0.040818
0.144570
0.535225
0.018903
0.029245
0.108573
0.229629
0.489219
0.186322
0.277402
0.026961
0.130988
0.098111
0.107487
-0.066632
-0.006215
0.086469
0.287997
-0.085728
0.020765
0.188743
0.125619
0.064723
0.189663
0.096241
0.131787
0.076951
0.041138
0.036098
0.112268
0.027050
0.214962
0.097565
0.006161
-0.044790
0.073384
0.011915
0.372611
0.017386
0.199050
0.021888
0.093633
0.016755
0.037307
0.306709
0.157621
0.045263
0.229279
0.103548
0.074107
0.146084
0.160888
0.148588
0.024933
0.020386
0.019616
0.007954
0.096584
0.150527
