0.240499
0.051789
0.215642
-0.006296
0.213858
0.051429
0.084930
0.266702
-0.029286
0.124242
-0.003848
0.126882
-0.054033
0.050345
0.271650
0.047891
-0.042672
0.044453
-0.063333
0.043664
-0.048877
0.070062
-0.009272
0.284662
-0.006386
0.041121
0.018377
0.151472
0.298920
0.147726
0.085921
0.017470
0.117155
-0.125174
0.047835
0.086769
0.072368
-0.047203
0.254236
0.189160
-0.035248
-0.066418
0.277095
0.001575
-0.058388
-0.048237
0.066310
0.031171
0.091611
-0.044612
0.153676
0.419478
0.017913
0.109569
0.174315
0.036705
0.035335
-0.049814
-0.035221
0.007746
-0.021790
0.037160
0.070739
0.004930
