-19.153461
-17.754910
-4.052381
-19.501507
-16.885590
-74.044647
-24.047937
-54.173370
-27.051445
-17.538696
-93.174133
-20.803169
-24.662952
-31.546719
-18.441982
-25.530552
-18.357508
-19.474243
-16.136509
-24.399820
-35.849899
-54.499657
-53.637810
-29.360497
-32.170612
-26.143902
-34.308670
-53.064514
-7.386279
-20.747534
-85.209595
-36.401890
-21.516094
-81.283363
-31.452606
-36.788261
-15.846680
-30.285843
-28.657747
-23.097765
-44.833412
-14.755095
-45.167381
-24.322887
-9.884459
-5.574174
-64.025131
-39.783226
-16.422216
-29.023190
-23.411800
-56.047951
-34.064102
-28.297974
-16.780993
-15.246528
-13.827316
-38.177673
-36.279152
-24.220249
-24.809111
-24.472597
-37.836731
-5.299736
