-25.583927
-24.006353
-27.011524
-64.436356
-32.049469
-11.935358
-24.148785
-8.257525
-29.283381
-42.684475
-31.357414
-26.935623
-59.929417
-55.891533
-26.956688
-11.718281
-27.222374
-28.491247
-70.209976
-17.105253
-14.329530
-14.111057
-59.066017
-30.208715
-11.569874
-12.962374
-40.442200
-36.915127
-37.865467
-60.558895
-102.037003
-30.211796
-52.484066
-17.701052
-57.171097
-26.799286
-28.428682
-29.232233
-23.092733
-20.979116
-42.295715
-26.417095
-25.732080
-13.766481
-41.339901
-19.334293
-31.992954
-54.748459
-12.431965
-18.104498
-13.133160
-15.216370
-30.833706
-15.228323
-7.587650
-28.413691
-29.514240
-28.952507
-13.938732
-39.553238
-54.973782
-12.073121
-72.248978
-32.712154
