0.152151
0.020188
-0.048741
-0.010840
0.098787
0.121604
0.009512
0.134186
0.096701
-0.059454
0.744075
0.230704
-0.037975
-0.104806
0.145114
0.055191
0.054968
0.023798
0.260121
-0.032021
0.163048
0.073233
0.104356
-0.105685
0.042428
0.067520
0.017849
0.022192
0.695472
0.053740
0.019955
0.083306
0.013071
0.084470
0.164338
0.058701
0.110807
0.027913
0.032847
-0.066320
0.011805
0.171825
0.030250
0.070308
0.039639
0.049737
-0.080293
0.021580
0.079538
0.033861
0.050194
0.006743
0.133418
-0.014504
0.000168
0.095008
0.244554
0.129448
0.191735
0.031488
0.086740
0.004084
0.079164
-0.064122
