-0.061093
0.103551
0.058871
0.080300
0.019406
0.061391
0.092527
0.125997
0.015158
0.062031
0.146648
-0.000759
0.196664
0.130522
0.022594
0.098713
0.031434
0.168469
0.053457
0.136888
0.097156
0.019698
0.017282
0.026524
-0.072401
0.399507
-0.078708
0.078572
0.105616
0.072081
0.121542
0.051884
0.132076
0.134968
0.186395
0.112476
0.078082
0.109169
0.090410
0.117227
0.198275
0.005943
-0.014076
0.072158
0.150593
0.014994
0.265646
0.040500
0.060682
-0.055375
0.063403
0.046105
0.047838
0.035506
0.251619
0.003764
0.072698
-0.055281
0.081928
0.000314
0.100507
-0.001012
0.120072
0.305777
