-67.755989
-77.839325
-18.243893
-127.257011
-60.909039
-19.065102
-10.741503
-32.832897
-32.665436
-80.798676
-17.343069
-34.708076
-18.490467
-69.899582
-45.597305
-13.581203
-55.609024
-15.519560
-79.797424
-18.913046
-57.435020
-49.895927
-17.003740
-61.921165
-10.681356
-23.712013
-24.733025
-27.417135
-82.687256
-40.073429
-16.058815
-16.987980
-23.217831
-12.570497
-36.921703
-18.073778
-23.454746
-12.782635
-22.247995
-33.731869
-94.814796
-52.334297
-12.368027
-19.530233
-16.436274
-45.567101
-41.470600
-30.872004
-26.103405
-35.712219
-89.145912
-43.582100
-44.856396
-32.098076
-25.158173
-22.874819
-28.204527
-69.405067
-38.083004
-30.704756
-58.211040
-26.336140
-17.659599
-21.786465
