-21.428650
-8.446704
-9.737581
-36.798523
-33.047966
-14.441357
-30.899601
-26.746044
-88.385239
-29.361252
-17.601124
-19.344391
-72.059761
-9.357906
-45.535191
-35.831608
-29.768278
-31.830591
-63.127125
-14.680937
-44.156376
-33.159023
-10.234034
-17.991404
-24.878233
-112.924736
-23.990646
-56.733238
-23.522182
-44.314983
-18.536324
-43.615509
-16.373474
-19.105028
-12.417349
-35.252319
-77.112572
-35.469482
-30.933317
-49.161762
-66.593285
-28.716917
-76.556381
-17.730257
-70.196335
-34.487892
-31.876837
-22.072659
-78.129059
-12.060023
-42.349579
-14.394102
-40.711304
-17.120724
-29.912407
-7.657388
-17.758659
-16.257246
-26.548544
-31.618551
-7.022223
-45.711903
-17.642918
-6.884258
