-20.479250
-28.560741
-14.004496
-46.216702
-19.778456
-10.436167
-128.399078
-13.471376
-24.538212
-12.681945
-23.003485
-17.774889
-8.427448
-12.006458
-20.533997
-26.230049
-12.715644
-44.553101
-8.348433
-22.367254
-29.176704
-11.603673
-28.299650
-9.112745
-25.831612
-29.612309
-29.464010
-28.912037
-29.068714
-26.594662
-45.419903
-25.128529
-10.453755
-16.495499
-13.379761
-23.808090
-20.803480
-12.486971
-39.054340
-62.852116
-4.101753
-16.785059
-12.544182
-24.654873
-44.506771
-8.053129
-24.732504
-8.208104
-26.434572
-19.738464
-37.355648
-17.514437
-20.540838
-19.039835
-8.917109
-20.006905
-24.479219
-10.192027
-22.565214
-32.727783
-22.484089
-35.590084
-15.535678
-9.601738
