0.047120
0.040691
0.102461
0.057247
0.014683
0.085237
0.064037
0.132774
0.177005
0.208001
0.079116
0.139130
0.107025
0.018319
0.036072
0.048559
0.490438
0.089271
0.065917
0.054806
0.083700
0.001713
0.091450
0.069689
0.149797
-0.029074
0.147498
0.178400
0.033299
0.156877
0.070657
0.066148
0.027806
0.033481
0.162823
0.204630
0.051310
0.096012
0.063147
0.180117
0.329362
0.127213
0.175093
0.086541
0.120609
0.024715
-0.004963
-0.048428
-0.070345
0.111956
0.061055
0.037400
0.404592
0.010096
0.061055
0.156014
-0.005357
0.085385
0.050446
0.072717
0.090944
0.105296
0.081443
0.044036
