-17.196228
-33.572384
-42.085320
-24.641562
-7.445085
-49.332729
-15.479242
-11.378376
-58.719269
-32.140121
-24.122313
-70.601677
-32.358864
-19.555279
-89.345726
-14.639433
-24.831036
-16.017082
-38.981785
-60.564812
-32.521240
-19.512659
-22.090866
-24.212027
-70.771690
-29.917948
-63.937431
-33.636826
-12.525160
-17.417173
-8.865827
-23.963455
-27.099525
-25.497917
-12.920626
-14.641531
-33.796265
-15.211460
-20.920662
-26.056875
-25.198553
-10.980721
-69.112564
-13.559513
-16.878286
-20.513773
-13.797606
-35.452637
-17.412821
-55.590843
-18.631908
-20.088612
-15.743243
-58.268665
-21.373842
-44.805542
-19.330519
-43.443085
-13.885285
-27.962433
-14.096662
-10.473578
-29.216389
-31.556133
