-46.938156
-15.120834
-17.483236
-57.099503
-27.095009
-16.834898
-27.734818
-16.700209
-31.904802
-52.834778
-21.374590
-63.982800
-25.581575
-6.973596
-15.720838
-13.970777
-36.853558
-10.882030
-24.496147
-23.400242
-18.315565
-37.902622
-16.857412
-5.532583
-13.993799
-28.539167
-15.824603
-69.538948
-18.786402
-18.654232
-24.716511
-58.436592
-9.230261
-40.644886
-40.616611
-19.866961
-22.851177
-16.027496
-11.426683
-41.046165
-17.927654
-17.729385
-10.170840
-3.503501
-68.760147
-13.047875
-16.180670
-15.520985
-26.232698
-43.264000
-52.526382
-53.203842
-9.729652
-12.039384
-22.868776
-9.754292
-11.791995
-24.751938
-40.539417
-28.884119
-25.802216
-6.952316
-13.527189
-21.573523
