0.074711
-0.024560
0.093663
-0.038072
0.033213
0.083772
-0.016473
0.041575
0.040196
0.053923
0.271735
0.263805
0.081258
-0.051178
0.029745
0.071329
0.100274
0.017124
0.158473
-0.055534
0.177475
-0.025105
0.092912
0.189298
0.039505
0.014197
0.086335
0.098445
0.256962
0.028127
0.041746
0.240448
0.265997
0.027063
0.077361
0.135245
0.033666
0.019997
0.102755
0.037390
0.038471
0.026652
0.015341
0.091031
0.231653
0.239955
0.127496
-0.047784
0.237835
0.010403
0.019389
0.062578
-0.051559
0.112479
0.097450
0.338571
0.032309
0.074245
0.171839
0.002607
-0.013607
0.012405
0.492198
0.057395
