0.113600
0.036156
0.102873
0.019077
0.185345
0.105808
0.078086
-0.060123
0.161292
0.020414
0.044580
-0.013405
0.062041
-0.055393
0.119177
0.013235
-0.037253
-0.065154
0.025168
0.060810
0.016776
0.352069
0.097008
0.050886
-0.089427
0.017293
-0.100609
0.236103
0.013638
0.021169
0.033813
-0.070406
0.231311
0.133430
0.146979
0.061258
0.167699
0.062719
-0.056953
0.027986
0.148075
0.102275
-0.002137
0.109971
0.069082
0.074359
0.350731
0.016221
0.147086
-0.058431
-0.021131
0.095246
0.178886
0.051462
0.202866
0.099842
0.025309
0.141534
0.144545
0.003121
0.138150
0.041979
0.041107
0.133800
