-0.045889
0.073516
0.050670
0.763795
0.071944
-0.034199
0.080208
-0.001650
0.031224
0.004219
0.253401
0.093080
0.015056
0.074477
0.037658
-0.014653
0.000849
0.038564
0.054144
0.031102
0.077490
0.342386
0.525129
0.068953
0.178131
0.036853
0.038904
0.113860
0.238978
0.023012
0.146525
-0.026028
0.077561
-0.035603
0.019884
-0.065277
-0.007511
0.003751
0.005735
0.040101
0.056703
0.170114
-0.013293
0.049302
0.112926
0.083029
-0.123233
0.060526
-0.040076
-0.008076
0.075077
-0.034612
0.107043
0.106556
0.057909
-0.018558
0.122149
0.169200
0.508883
-0.072117
-0.029150
0.091496
-0.018434
0.058894
