-39.040752
-50.670399
-47.993275
-60.189426
-16.526356
-14.076050
-25.151342
-22.969212
-38.104649
-23.890842
-67.755692
-64.783958
-30.590757
-11.096123
-23.670193
-13.942296
-10.620430
-21.314346
-19.069464
-51.195538
-12.974544
-32.828224
-31.699207
-19.801937
-56.218987
-26.197296
-50.519184
-12.147997
-11.200741
-17.117996
-46.464279
-34.136703
-16.763750
-22.395033
-20.848667
-83.841125
-74.044647
-15.714886
-85.800484
-99.756020
-22.558332
-41.303112
-12.079929
-8.087679
-47.844170
-59.868919
-23.054478
-40.905651
-20.595173
-75.180878
-4.568338
-49.029572
-16.702713
-16.959919
-30.241589
-100.108688
-14.098549
-16.344803
-66.243713
-17.500267
-17.957867
-50.262215
-17.260721
-48.358074
