0.036841
-0.046332
0.043959
-0.036967
0.114995
0.205917
0.379345
0.061622
0.037844
-0.036634
0.031809
0.108478
0.057824
0.185222
0.090175
0.085064
0.078233
-0.007551
0.101899
0.019163
0.011949
0.266239
0.113858
-0.034991
-0.081565
-0.023122
0.099502
0.027359
-0.062785
0.130422
0.260033
0.024862
-0.041497
0.192602
0.115025
-0.121393
0.073745
0.005072
0.030721
0.090613
0.141449
0.012877
0.035159
-0.016944
0.087311
0.028260
0.099921
-0.017787
0.163986
0.051642
-0.016492
0.023545
-0.024300
0.056652
0.109667
0.080601
0.005169
0.033768
0.100693
-0.032880
0.154990
-0.010373
0.077876
0.055154
