0.076599
0.092057
0.012675
0.256040
0.260129
0.081217
0.058217
0.201038
0.032452
0.181283
0.157677
0.110363
0.125152
0.079857
0.115166
0.040457
0.084046
0.001101
0.091376
0.166043
0.048759
0.277964
0.043748
0.049367
0.038158
0.049969
0.120981
0.152060
0.070304
0.122579
0.087727
0.030682
0.128973
0.037110
0.190001
0.036023
0.171188
0.122833
0.052039
0.036664
0.434148
0.019163
0.152707
0.108110
0.095043
0.302797
0.142856
0.010084
0.030306
0.222255
0.375696
0.077867
0.200999
0.123231
0.033912
0.061175
0.163832
0.059115
0.073839
0.102879
0.069376
0.098277
0.006128
0.212571
