0.025305
0.054829
0.054531
0.054969
-0.028432
0.096125
0.071420
0.075085
0.073493
0.146486
0.004801
0.191574
0.069240
0.066728
0.020906
0.034853
0.021592
0.007990
0.033383
0.002495
-0.001797
-0.034283
-0.043833
0.048642
0.115294
0.151962
0.256868
0.420281
0.223673
0.167252
0.057954
0.120949
0.101954
0.152183
0.015311
0.025340
0.056610
0.159819
-0.042168
0.963854
0.029364
0.032295
0.441210
0.052217
0.068600
0.006712
-0.042071
0.034205
0.046572
0.298947
0.003829
0.020702
0.051377
0.104069
-0.006017
0.139483
0.078612
0.129276
0.045018
-0.051728
0.014155
-0.082159
0.120355
0.140943
