-20.282698
-12.160526
-14.383981
-22.014835
-42.494537
-32.468918
-26.247093
-11.031185
-28.112291
-8.520106
-24.918354
-9.297781
-16.866688
-43.843082
-52.257252
-19.377661
-18.876869
-28.177631
-30.474089
-28.924391
-17.439739
-9.846093
-29.856224
-34.778671
-12.688165
-42.501167
-22.329327
-43.017525
-70.352455
-56.309544
-39.747833
-18.972139
-15.206242
-24.297913
-53.560543
-11.939279
-24.875084
-28.742743
-32.227413
-25.835546
-21.676762
-16.915434
-37.208298
-16.367172
-16.102604
-26.438227
-27.838039
-4.764286
-18.583464
-25.367304
-35.440826
-17.823427
-39.917118
-20.630032
-41.851574
-16.153824
-6.750840
-29.479374
-17.319094
-58.912689
-11.163882
-52.167030
-29.133167
-17.387318
