0.041180
0.102339
0.068831
0.032787
0.017544
-0.002723
0.359630
-0.018774
-0.071355
0.158251
-0.031814
0.014888
-0.043599
-0.021488
-0.010172
0.046869
0.105787
0.146480
-0.047127
-0.102895
0.219276
0.038657
-0.012230
0.010219
0.024752
0.137099
0.193183
-0.044175
-0.177287
0.070491
-0.041089
0.178167
-0.017912
0.137584
0.080407
-0.100841
0.023157
0.069030
-0.011527
-0.001264
-0.051763
0.306094
-0.003498
0.206031
-0.112897
-0.063663
0.036731
-0.033457
0.061223
0.006416
0.058724
-0.074064
0.084518
-0.031608
-0.006653
0.133256
-0.015832
-0.085240
0.052848
0.009354
0.201227
0.010573
0.045540
-0.023902
