0.298795
0.092755
0.022326
0.061469
-0.042544
-0.061978
0.100196
0.168358
0.022743
0.013724
0.028294
0.061841
-0.024374
-0.060183
0.018237
0.032933
0.209915
0.082771
-0.002615
0.008910
-0.070020
-0.079325
-0.066709
0.045949
0.024348
-0.016172
-0.007612
0.073409
0.051005
0.079542
0.048428
0.586061
0.079450
0.035930
0.145069
0.052312
0.071857
-0.043750
0.037658
0.007486
0.356885
0.155465
0.049977
0.037300
0.079004
-0.004627
0.123421
0.035937
0.013465
0.048025
0.009691
0.088734
0.047409
-0.037626
-0.049605
0.051836
0.060069
0.591007
0.063430
-0.035818
0.035066
-0.015297
0.056450
0.049509
