-0.003137
0.072344
0.088569
-0.011538
0.098580
0.047667
0.157107
0.288996
0.026547
0.007132
0.070131
0.069102
-0.070589
0.078421
0.156217
0.124166
0.054514
0.043319
0.054919
0.026939
0.091732
0.026170
0.032937
0.011078
0.314534
0.021899
0.073382
-0.059856
0.016854
0.051389
0.154346
0.158323
0.012158
0.286838
0.002299
0.016595
0.038710
0.033374
-0.050005
0.200014
-0.004677
0.341985
0.233406
0.297488
0.110082
0.072314
0.051952
0.049948
0.032779
0.037122
0.066196
0.020254
0.087352
0.029506
0.029459
0.106658
0.027427
0.098321
0.247121
0.126827
0.045402
0.077551
-0.005002
0.034987
