0.041057
0.007650
-0.112702
-0.003300
0.148139
-0.037595
-0.001817
-0.057766
0.038347
0.168065
-0.029122
0.033901
0.218506
0.139323
0.050831
-0.050368
0.034616
0.105792
0.113662
0.016018
0.029288
-0.029808
0.205803
0.057285
0.063392
-0.093596
0.148317
0.017913
0.035854
0.064735
0.231554
-0.043169
0.073085
0.148963
0.026029
0.142760
-0.035611
0.066084
-0.016673
0.157341
-0.044695
0.005434
0.189114
0.114694
0.689840
0.069179
0.062611
0.089858
-0.061060
0.048259
0.209088
0.084082
0.061752
0.024131
0.195367
0.036388
-0.015388
0.042565
-0.041760
0.040527
-0.012671
0.092360
0.089443
-0.051239
