-20.131418
-37.180954
-35.264786
-66.254402
-19.572826
-82.871178
-67.719856
-61.442741
-80.183113
-81.103249
-36.672352
-14.292747
-29.157116
-42.023846
-41.336327
-49.004791
-21.125069
-31.920691
-31.900995
-77.784920
-27.881752
-51.353424
-14.979179
-18.483490
-6.012016
-37.661213
-65.576134
-24.812710
-50.977955
-27.577450
-10.766138
-29.400705
-19.701168
-8.754869
-83.221069
-45.813629
-51.941044
-84.980789
-85.873672
-13.670444
-69.568504
-32.439945
-18.718365
-20.624371
-43.477779
-67.297874
-92.946976
-64.292114
-22.080452
-27.028996
-34.855644
-52.575928
-80.687309
-13.329679
-39.060009
-65.557213
-35.206841
-14.442088
-45.433388
-7.008314
-32.311180
-54.565475
-24.139744
-78.334091
