-0.131015
0.172423
0.054917
0.002681
-0.093471
-0.026330
0.013043
0.007903
0.006181
-0.063948
-0.017391
-0.079619
0.011621
0.138992
0.028096
0.029268
0.021870
0.064339
0.058272
0.022640
0.042422
0.077104
0.003968
0.038176
0.013066
0.025236
0.018358
0.140540
0.019636
0.466909
0.073655
0.045233
0.137969
0.120085
0.015590
0.081618
0.079262
0.071152
0.083600
0.032045
0.080284
0.009384
0.015850
0.014022
0.002431
0.047467
0.009113
0.062603
0.318934
0.025732
0.050909
0.136763
-0.016090
0.207729
0.430069
0.084967
0.022519
0.363719
-0.033903
0.013450
0.078441
0.178460
0.024712
0.086410
