0.135053
0.017752
0.006094
0.076910
0.204438
0.026225
-0.012414
0.036466
0.016461
0.005340
-0.060979
0.019078
0.035697
0.154641
-0.015189
0.006590
-0.045841
0.055294
0.030299
-0.089986
0.112049
0.152598
0.088826
0.312380
-0.124264
0.137097
0.095128
-0.023311
0.042686
0.071911
-0.038571
0.002023
0.048669
-0.055591
0.083607
-0.007094
-0.065402
0.137741
0.217162
0.041697
0.081669
-0.055963
-0.046263
-0.054956
0.026523
-0.000862
0.219686
0.077938
-0.004046
0.053943
-0.128195
-0.062968
0.038108
0.080758
0.072761
-0.124342
0.144478
0.062949
0.088556
-0.031459
0.064762
-0.122864
0.083822
-0.044594
