-9.390997
-53.472557
-18.133171
-11.328703
-25.742790
-80.147736
-14.066470
-41.680092
-21.715271
-11.108501
-20.212379
-22.416388
-25.199364
-39.978142
-29.109419
-16.229328
-21.289106
-9.125324
-17.839197
-15.722847
-17.064703
-21.033905
-17.042786
-42.843433
-17.570129
-49.650650
-8.639808
-26.336876
-47.064804
-65.120590
-6.992297
-12.926642
-19.344307
-19.453804
-18.625244
-18.296522
-10.327715
-40.478268
-48.536610
-21.378441
-8.316958
-9.095361
-28.221838
-103.945694
-11.791745
-30.009214
-15.230400
-37.027229
-9.564901
-14.801311
-22.543783
-9.462523
-19.160265
-24.389156
-9.736574
-29.191502
-17.954729
-15.990545
-16.632719
-14.078370
-27.940496
-18.828011
-19.223547
-31.995029
