0.070269
0.097195
0.274827
0.055120
0.062925
0.254229
0.114264
-0.061240
0.069983
0.023891
-0.040789
0.064583
0.100135
0.088942
0.114991
0.137864
0.021355
-0.064564
0.200634
0.047100
0.003319
0.029698
0.089568
-0.060309
-0.081210
0.120655
0.124804
0.048001
0.174035
0.139674
-0.080963
0.202897
0.127514
0.064683
0.251722
0.081470
0.205975
0.010782
-0.067544
0.074691
0.071582
0.073967
0.087678
0.077092
0.131330
0.091058
0.164299
-0.000793
0.169284
0.075091
0.021052
0.056040
0.386994
0.021575
0.220573
0.132228
0.214974
0.085200
0.050590
0.058463
0.038855
0.275543
0.041292
0.034091
