0.162031
0.031933
0.092404
0.148239
0.699716
0.108251
0.086183
0.042180
0.070880
0.003874
0.097853
0.184358
-0.063491
0.069888
0.012882
0.081741
0.058903
0.498144
0.123363
0.016732
0.323961
0.242418
0.075781
0.051846
0.056012
0.318683
0.041284
-0.011108
0.049392
0.216811
-0.066481
0.041861
0.098337
0.069163
0.133729
0.168692
0.201101
0.054686
0.067432
-0.041770
0.021506
0.023019
0.030323
0.063509
0.065350
0.132515
0.113370
0.107888
0.065061
0.080033
0.050436
0.165328
0.164407
0.148095
0.005993
0.140402
0.123724
0.070696
0.153164
0.012291
0.111051
0.104328
0.134545
0.011662
