0.125459
0.044445
0.071320
0.094789
0.012394
0.012349
0.347145
0.264754
0.022343
0.125472
0.222622
0.227373
0.016821
0.202464
0.247520
0.056169
-0.021611
0.090312
-0.031324
0.049875
0.034689
0.612316
0.179957
0.000047
0.043493
0.054107
0.052551
-0.048506
0.096287
-0.055987
0.181789
0.111809
0.137125
0.203162
0.096099
0.042160
0.025636
0.171378
0.064000
0.186677
0.143689
0.077631
0.112418
0.259671
0.072131
0.057489
0.121556
0.070187
0.296672
0.050081
0.108698
0.160706
0.049638
0.191507
0.096217
0.037039
0.118524
0.117704
0.343518
0.088650
-0.031073
0.032550
0.170837
0.303708
