-66.846230
-36.855736
-83.316124
-38.561752
-11.862136
-92.430016
-42.988792
-32.975437
-34.737381
-29.758545
-31.643686
-35.692684
-24.568256
-46.465370
-16.463356
-67.926193
-16.288662
-19.194277
-70.947098
-7.730887
-22.017719
-23.034672
-14.900345
-22.140032
-13.915895
-19.541590
-51.941479
-11.827996
-41.368706
-28.486069
-25.145390
-22.913958
-23.079935
-74.848610
-52.697727
-24.898127
-19.289280
-29.226887
-27.335964
-23.936092
-27.748543
-20.368649
-32.892235
-35.579918
-12.099737
-23.686855
-68.381676
-11.897402
-32.705158
-24.989840
-9.370882
-15.613582
-42.221603
-66.497833
-14.626072
-19.058491
-24.939203
-30.520294
-48.561760
-44.787788
-53.230549
-12.050768
-17.771219
-31.572439
