-21.609726
-12.195595
-34.800114
-63.601707
-9.517011
-18.087748
-18.053251
-7.342902
-22.122318
-16.270267
-14.425175
-19.608015
-61.961754
-41.075741
-43.123386
-24.071140
-9.805604
-29.182205
-43.691013
-8.935069
-33.760632
-23.380594
-13.373060
-15.219474
-22.970478
-21.196943
-23.782028
-19.234520
-52.185143
-4.196868
-29.870100
-24.172501
-7.794042
-43.423500
-34.750320
-14.384792
-8.895592
-25.114630
-35.842625
-41.394333
-60.535980
-28.763754
-24.943842
-19.821285
-54.177296
-21.419903
-11.446111
-15.997067
-22.684494
-22.570498
-9.121362
-15.627325
-23.221842
-25.644247
-15.233221
-5.748640
-32.921623
-16.272442
-19.316118
-35.876743
-75.328857
-93.109116
-8.011797
-20.036963
