-10.796780
-61.847794
-15.632591
-15.697021
-34.866093
-19.608250
-23.200638
-13.429205
-29.436296
-14.739575
-21.802319
-44.446098
-8.016155
-9.623425
-21.227726
-15.527341
-12.865944
-19.993105
-29.063995
-16.743439
-72.788826
-12.736813
-25.501629
-15.664516
-39.269085
-18.753023
-37.599602
-64.321526
-73.949959
-25.638334
-32.529510
-12.816998
-42.662460
-27.587175
-38.872845
-35.468239
-22.166285
-11.608987
-29.862337
-12.932699
-19.654787
-15.512127
-21.319504
-23.461786
-53.858086
-44.332829
-11.679492
-7.625804
-64.702332
-97.766876
-77.040573
-30.323824
-13.937713
-27.887754
-15.305952
-16.527538
-14.163633
-36.002937
-23.996677
-12.227387
-37.803875
-39.406181
-16.491394
-38.812725
