0.012790
0.063280
0.181517
0.122167
0.089363
0.148558
0.073822
0.037361
0.096716
0.345791
0.031195
0.021506
0.214533
0.052578
-0.001337
0.105249
0.006961
-0.051074
0.084734
0.062883
0.160017
-0.010655
0.052199
0.029929
-0.015099
0.304776
0.012936
0.071388
0.016393
-0.043712
0.025250
0.039389
0.019782
0.082485
0.104561
0.096685
0.096118
0.019751
0.028858
0.013373
0.147959
0.076418
0.083820
0.067771
0.091310
0.090131
0.138614
-0.083248
-0.069504
0.212930
0.105548
0.072561
0.785334
0.079102
0.122679
0.070410
-0.040992
-0.051180
0.028880
0.101679
0.082423
0.034649
0.065780
-0.064091
