-24.526012
-61.035591
-20.041117
-28.578247
-12.279255
-29.319548
-33.248585
-41.233971
-45.964172
-35.692245
-90.337875
-66.586800
-24.060438
-17.937101
-15.575348
-38.846088
-26.102005
-26.209473
-55.207512
-21.554920
-26.997185
-12.482025
-25.793716
-48.696297
-15.566959
-51.650879
-8.641555
-17.987490
-21.413260
-12.215924
-13.525887
-8.184329
-39.790043
-17.478785
-9.668971
-27.343449
-10.783655
-11.651394
-6.371036
-16.055775
-22.072689
-28.023666
-23.808346
-20.056660
-20.603220
-12.371536
-21.625170
-7.864429
-12.828156
-27.908131
-32.758995
-16.535475
-31.624159
-14.396240
-39.054600
-13.772947
-23.801369
-49.171024
-24.993357
-19.166735
-10.092895
-30.991201
-34.528564
-25.403547
