0.049347
0.036527
0.044957
0.378870
0.191043
0.087369
0.040549
-0.040197
0.013547
-0.019558
0.041669
0.012380
-0.024359
0.060206
0.078447
0.066927
0.099858
0.180710
0.050838
0.086886
0.029726
0.020204
0.112672
0.040300
0.074091
0.214991
0.049418
0.038864
0.040621
0.063925
0.199660
0.135352
0.076219
0.234964
0.074682
0.044053
0.120839
0.150309
0.236859
0.431686
0.165904
0.037944
0.044269
-0.008753
0.095084
0.020549
0.126417
0.047815
0.039655
0.086848
0.066560
0.002236
0.040748
0.037847
0.115695
0.156179
0.122466
0.041184
0.134904
0.113939
-0.057514
0.204068
0.059527
0.307233
