0.016605
0.100320
-0.054281
0.151498
0.060364
0.115235
-0.052982
0.026028
-0.111730
0.117085
0.027138
0.155899
0.110155
-0.028112
0.268819
-0.002735
-0.052659
0.175242
0.107798
0.080104
0.112702
-0.027322
-0.054189
0.000611
-0.012023
-0.076794
-0.018542
0.108364
0.155271
0.060423
0.018649
-0.094139
0.054121
0.079869
0.040768
0.103384
-0.010403
-0.065983
0.007128
0.038198
0.025980
0.059171
-0.093892
-0.052410
0.112292
0.101338
-0.016563
0.053587
-0.008268
0.057353
0.032094
0.046714
0.014888
-0.111915
0.052767
0.004703
0.094010
-0.030123
-0.015327
0.020071
0.508248
0.282320
0.076276
0.278543
