-10.374477
-14.195338
-7.177710
-39.179878
-11.479443
-4.813641
-20.057426
-10.201452
-12.438547
-25.805931
-10.095653
-14.255225
-16.977884
-32.448086
-21.692719
-13.881346
-9.664325
-8.737942
-16.394882
-14.094774
-27.693041
-26.592196
-12.700393
-20.723812
-12.239577
-24.828354
-74.045288
-18.751562
-36.897892
-16.562664
-17.492336
-23.213493
-19.558102
-36.375256
-7.759086
-24.958107
-18.331497
-36.365993
-11.405824
-15.334407
-11.289546
-11.919750
-17.562477
-31.746004
-34.667156
-16.373512
-9.689643
-19.248154
-15.351864
-14.343755
-8.465390
-29.990850
-27.363865
-19.158363
-25.165480
-18.726456
-39.713959
-21.938635
-20.871599
-21.341465
-22.724356
-13.089722
-71.812248
-18.619520
