-36.542957
-17.325855
-20.819593
-63.338707
-18.822121
-37.226147
-26.321688
-43.907280
-28.080996
-37.871292
-19.081944
-20.736034
-34.767216
-38.199429
-11.983440
-31.287594
-79.352806
-6.730474
-9.305344
-18.460896
-27.259970
-34.029007
-16.048790
-18.752605
-72.004829
-21.194469
-17.595957
-29.140591
-69.481674
-14.350916
-4.607081
-13.196928
-26.136589
-4.758190
-15.462561
-41.684589
-19.454409
-35.037674
-17.558937
-28.336475
-21.040539
-14.798540
-8.073884
-67.529747
-13.350314
-25.136293
-75.933586
-44.851791
-15.250517
-20.947357
-10.692815
-12.406473
-18.850636
-14.774839
-84.596863
-15.713393
-51.535786
-45.022232
-16.760229
-20.279976
-48.806175
-26.342377
-72.640579
-59.538483
