-40.211769
-33.317364
-18.056704
-36.533436
-46.106148
-22.488571
-16.583794
-30.436413
-10.270698
-35.919033
-92.894302
-26.275848
-9.602657
-19.388483
-21.907093
-30.628428
-18.203671
-32.039223
-21.089653
-12.464322
-22.075939
-96.807861
-30.408480
-12.281092
-23.951836
-40.997898
-21.156170
-21.657852
-43.510799
-27.545889
-32.722683
-16.098059
-80.615646
-21.045477
-19.676716
-16.765654
-12.665408
-12.902444
-23.542038
-15.097160
-49.729321
-15.210018
-19.072838
-43.936165
-7.628074
-4.567595
-19.313110
-19.666981
-64.723289
-27.253651
-20.751055
-8.389774
-75.197632
-36.088421
-16.275621
-27.392483
-13.952865
-28.616976
-29.939886
-20.452490
-47.083679
-17.743395
-12.705330
-42.573093
