-15.659073
-22.982204
-16.035721
-17.938772
-35.727203
-19.766640
-25.259476
-14.975219
-20.932936
-21.310686
-21.052345
-69.878754
-38.426670
-22.846830
-24.963684
-14.864461
-20.664749
-16.815529
-24.571358
-21.416965
-20.201593
-44.423248
-10.312654
-23.115709
-19.692795
-33.191154
-18.076481
-25.749788
-5.976023
-33.736256
-17.496134
-49.032974
-9.566610
-25.294451
-11.931679
-38.859837
-21.887981
-39.912159
-35.126026
-13.684748
-17.866886
-18.703390
-21.645624
-17.136971
-19.804592
-14.468349
-63.830990
-17.735304
-16.381767
-18.248800
-24.563108
-23.142254
-42.334366
-12.167989
-10.613320
-18.549965
-5.640334
-8.729757
-40.299843
-19.987860
-41.624287
-24.270193
-55.957344
-15.591248
