0.031463
0.111527
0.007056
0.141746
0.077599
0.030042
0.073824
-0.026929
0.188796
-0.007699
0.128659
0.017051
0.069973
0.047034
0.064828
0.002005
0.051749
0.210158
0.225656
-0.000981
0.082622
0.049537
-0.033208
0.094789
0.132737
-0.026914
0.217044
0.029194
0.061370
-0.029867
0.079480
0.097574
0.335515
-0.072579
0.220900
0.146431
-0.024245
0.061834
0.210976
0.010334
-0.100722
0.130558
0.050060
0.122134
0.206578
0.164735
0.034747
0.116676
0.035954
0.088263
0.028996
0.096018
0.021701
0.013924
0.023737
0.048011
0.007725
0.029741
0.030654
0.030587
0.080496
0.182231
0.039083
-0.001430
