-31.164078
-15.368603
-20.159216
-40.267639
-31.157467
-22.725239
-31.296364
-30.688179
-44.999031
-13.947547
-20.440800
-11.778458
-51.422188
-50.713177
-20.079252
-8.779177
-13.716577
-39.781288
-23.264128
-48.861591
-29.418249
-48.525394
-14.703722
-30.315674
-31.718540
-30.262222
-23.906115
-18.435659
-50.590763
-48.148357
-10.237892
-14.583324
-60.704380
-19.107748
-50.401558
-43.003860
-14.721155
-80.431610
-16.261181
-36.943604
-37.205482
-15.991730
-22.665359
-39.578846
-45.953506
-78.497719
-21.199905
-11.863089
-12.054796
-8.324347
-8.075732
-33.566902
-18.308668
-14.525488
-33.871159
-14.405077
-85.436913
-18.091230
-25.172680
-9.195391
-21.467709
-14.432889
-28.912085
-17.627584
