-29.474079
-19.203762
-14.508921
-24.271812
-54.703827
-11.027136
-24.919003
-33.978500
-22.476767
-20.175980
-34.737442
-22.256645
-42.049294
-30.195894
-17.634518
-22.713018
-13.239869
-32.634243
-35.290909
-34.489498
-21.557674
-14.662800
-25.608419
-54.208733
-26.842091
-17.275368
-64.203705
-15.057352
-8.335391
-22.989325
-21.627079
-24.832499
-23.051273
-23.838844
-27.359329
-37.708702
-7.630021
-22.380919
-22.893995
-17.808863
-24.211151
-30.083227
-41.507851
-16.881809
-48.000301
-12.130152
-23.167862
-35.973892
-24.259928
-32.376091
-93.433907
-18.559490
-33.397732
-7.632904
-25.335941
-36.748394
-26.165987
-17.696541
-25.435768
-27.961739
-15.066241
-20.540932
-6.547088
-25.047911
