-9.170505
-12.831120
-115.503105
-22.573345
-10.756845
-3.631361
-56.260490
-17.135292
-64.963417
-47.451160
-16.842707
-56.022190
-31.454506
-10.048257
-46.804214
-11.023444
-48.280552
-61.837029
-58.816566
-28.169458
-23.134729
-17.439953
-34.808956
-22.038851
-61.694298
-23.363895
-67.315788
-134.147949
-18.384573
-35.961315
-36.975239
-70.007454
-28.090261
-41.772652
-14.630516
-56.949116
-18.785192
-21.617689
-22.925438
-79.870453
-104.598503
-47.704987
-55.861778
-54.523834
-37.241028
-36.625065
-22.751743
-34.072746
-15.128349
-17.366119
-52.236687
-13.307724
-68.540138
-15.072878
-41.325016
-63.953621
-25.560234
-19.845627
-8.045311
-4.967670
-35.959309
-33.202774
-12.938573
-54.026291
