0.015750
0.052087
-0.074237
0.163781
0.065890
0.073591
-0.050973
0.197702
-0.046380
0.481536
0.167784
0.021359
0.143480
0.140054
0.228024
-0.047983
0.149015
0.077976
0.050869
-0.097684
-0.060129
0.075054
-0.039125
-0.035571
0.063447
-0.069760
-0.050247
-0.016608
-0.018165
0.104871
-0.032367
-0.026791
0.071498
0.115403
0.061719
0.145658
-0.023969
0.100210
0.169446
0.074493
-0.022667
0.013557
-0.051071
0.176255
0.071925
-0.026116
0.011006
0.032691
0.001816
0.061874
0.013549
-0.013876
0.185425
0.001604
0.105168
0.111674
0.095470
-0.015503
0.138379
0.091766
0.052506
0.090168
0.103348
0.057934
