-18.540707
-19.759438
-26.058847
-11.899895
-16.511196
-31.723558
-36.595978
-34.537472
-52.051159
-33.726681
-26.887329
-89.735924
-27.774742
-15.155029
-22.367271
-10.184731
-48.656338
-14.355912
-46.468102
-17.568869
-10.049669
-23.803818
-18.531916
-13.593896
-45.454380
-18.004250
-15.894365
-56.063324
-42.800674
-16.010271
-19.075066
-88.109863
-20.487801
-87.999718
-20.866858
-23.944847
-86.373177
-44.986725
-24.462828
-77.856552
-19.146082
-54.291859
-13.748919
-35.676208
-16.002361
-26.638767
-22.556658
-12.469181
-20.293612
-43.632225
-20.258871
-10.198363
-46.986721
-44.329288
-13.259944
-51.968235
-27.119154
-36.979012
-10.332419
-22.983458
-13.886038
-30.144470
-33.730019
-81.636055
