-24.368000
-27.502077
-18.071711
-19.784754
-19.253529
-15.736845
-41.299599
-18.676311
-15.525229
-16.750301
-11.839211
-13.766417
-16.689102
-100.953369
-39.205448
-36.925468
-19.476185
-18.152555
-8.702888
-27.208866
-8.814066
-55.285942
-19.614010
-10.354954
-41.059940
-10.022736
-50.492268
-24.158413
-4.194447
-34.438065
-11.355832
-30.196114
-28.825111
-5.656562
-8.761482
-13.020055
-27.034784
-51.265305
-15.421005
-11.204622
-52.044758
-8.336990
-27.151014
-44.011131
-58.072186
-19.331730
-15.515371
-30.206816
-13.781321
-25.039684
-59.989361
-26.863131
-14.008585
-30.199001
-68.557236
-3.073237
-31.570065
-13.605288
-16.568325
-11.938392
-10.874266
-7.387324
-12.821192
-13.939126
