-31.267790
-30.761421
-13.975897
-9.331953
-31.530718
-12.898827
-26.348387
-23.310028
-28.335438
-24.734274
-48.889000
-53.595623
-9.616788
-38.824131
-43.307270
-20.250599
-5.718416
-38.833527
-22.099808
-26.919968
-62.519108
-11.350418
-24.180754
-24.434095
-44.522251
-20.614450
-25.156910
-65.537376
-47.445831
-12.025879
-14.241057
-36.157219
-6.868015
-36.929932
-30.100298
-9.153444
-20.035309
-21.388334
-26.364389
-34.381538
-51.560654
-44.897854
-47.692265
-45.526688
-31.173212
-12.185156
-25.363226
-20.097996
-18.649918
-12.884361
-41.011787
-57.829403
-37.774918
-25.032562
-42.584805
-38.145180
-72.972641
-38.735191
-34.925625
-39.723473
-10.801184
-45.618717
-29.607473
-22.688652
