0.020727
0.215968
0.171069
0.038930
0.127688
0.094024
0.048744
0.135735
0.120929
0.201764
0.149089
0.029874
0.049485
0.052812
0.038991
0.252309
0.141575
0.144741
0.213584
0.253287
0.050790
0.027244
0.103070
0.059239
0.167806
0.045477
0.010148
0.022033
0.066877
0.125792
0.131412
0.137404
0.107455
0.078218
-0.033979
0.021332
0.148358
0.064437
0.033441
0.063353
0.084221
0.011763
0.216756
0.235465
0.108455
0.042203
0.344278
0.163786
0.269716
0.043892
0.063234
0.273205
-0.003909
0.165232
0.157653
0.175128
0.094352
0.147940
0.083716
0.046463
0.100313
0.081530
0.029372
0.111462
