0.137778
0.051978
0.046980
0.108904
0.067198
0.074457
-0.068690
0.209195
0.172756
-0.048957
0.059977
0.108527
0.057710
0.029500
0.046361
0.035219
0.189756
0.149608
-0.054533
0.157781
0.025654
0.009914
-0.060953
-0.031610
0.133104
0.062440
0.093106
0.037027
0.075345
0.111112
0.016943
0.021582
0.122739
0.063851
0.023671
-0.042550
0.072462
0.257840
0.195954
0.194599
0.075183
0.078284
-0.041450
0.170779
0.183903
-0.074645
0.050175
0.286565
0.009713
0.017608
-0.008521
0.134231
0.032280
-0.086302
-0.022474
-0.075717
0.136510
-0.047639
-0.055748
-0.090483
-0.028280
0.001555
-0.001550
-0.068641
