0.102610
0.170374
-0.035263
0.028822
0.043311
-0.086595
0.175491
0.302376
-0.016306
0.028785
0.115953
0.228414
0.001883
0.096405
0.032158
0.151950
0.019911
0.280266
0.109995
0.109199
0.089589
0.005597
0.200196
0.023944
0.155510
0.066337
0.030003
0.160317
-0.002788
0.026924
-0.003050
0.105944
0.055185
0.043838
0.120048
0.027563
0.068432
0.084247
0.042963
0.077241
0.077891
0.063347
0.014616
0.067841
-0.054530
-0.015608
-0.034269
0.036598
-0.027018
0.141025
0.209466
0.025954
0.066102
0.044738
0.229473
0.043943
0.020811
0.006102
0.273873
0.167720
0.035329
0.072082
0.218193
0.111888
