-6.698404
-19.931419
-48.917675
-55.421902
-36.775352
-69.730553
-68.814751
-39.031345
-57.075340
-28.138596
-45.895958
-21.648563
-12.384247
-15.312680
-32.313095
-10.758604
-13.652164
-18.748222
-54.361946
-28.914883
-91.440796
-14.656309
-37.005657
-48.175011
-33.105003
-9.163881
-26.847870
-54.219406
-49.212452
-20.142479
-21.966749
-26.788132
-21.008970
-49.322334
-36.945938
-19.530064
-40.383171
-21.113672
-11.934225
-15.311060
-97.573837
-11.608736
-36.652195
-27.191233
-58.635876
-70.461212
-31.419756
-41.919678
-49.894905
-48.906990
-64.410728
-36.766659
-71.906212
-59.594330
-17.694126
-18.179815
-83.885811
-45.372467
-10.889396
-16.539894
-38.944630
-21.291582
-32.809303
-69.747093
