-17.555670
-39.066357
-74.991104
-87.777359
-5.072618
-60.556404
-21.264189
-20.751898
-54.608494
-12.113163
-28.674757
-2.998755
-78.755104
-6.480575
-64.100388
-46.396633
-36.169537
-48.826283
-57.697540
-94.239296
-57.563557
-19.322430
-95.397385
-39.742287
-22.672178
-34.392078
-59.298119
-18.652836
-33.260872
-96.776619
-6.562172
-19.170080
-28.812630
-38.069000
-34.130066
-25.777569
-11.479841
-8.388781
-7.877054
-39.172092
-36.507191
-20.930824
-68.288544
-24.911999
-62.028343
-13.750071
-56.110687
-19.185625
-37.501144
-26.838861
-58.041924
-25.200191
-42.307194
-39.146214
-25.669989
-51.089592
-52.461510
-62.971279
-29.349092
-36.831760
-13.483734
-36.386097
-99.250275
-45.359703
