-22.643070
-15.363722
-9.261054
-68.657959
-33.067295
-36.460629
-28.486095
-57.532139
-18.741856
-22.010319
-51.615330
-63.935608
-57.818916
-86.549889
-34.483177
-68.791618
-26.870037
-21.402950
-18.486101
-16.487797
-39.020077
-20.375301
-21.645754
-19.308765
-11.959130
-61.002060
-16.752506
-27.304089
-8.698164
-28.914326
-33.082005
-10.429441
-38.932213
-25.436817
-60.244843
-19.417562
-18.747280
-14.129557
-10.535995
-39.743927
-57.382538
-61.099037
-44.073498
-18.584505
-23.743896
-9.461674
-16.508144
-55.461792
-13.328979
-54.886005
-29.735125
-34.081841
-28.660339
-30.016718
-11.746869
-63.381340
-8.890305
-55.182877
-90.841324
-25.448151
-21.968685
-31.520552
-28.761261
-77.199158
